
An emirp (prime spelled backward) is a nonpalindromic prime number whose reversal is also a prime.

Here are first 100 emirp prime integers

        31        71        13        73        17        37        97        79       701       311
       941       751       761       971       991       113       733       743       953       983
       107       907       337       937       347       157       167       967       709       739
       149       359       769       179       389       199      9001      1201      1301      3301
      1601      9601      1901      7901      3011      9011      1511      3511      1811      3911
      1021      3121      7121      3221      9221      1321      7321      9421      9521      9721
      3821      1031      1231      1831      9931      9041      9241      9341      3541      1741
      7841      9941      1151      3251      9551      3851      7951      1061      9161      7561
      9661      3271      3371      1471      3571      9871      1181      1381      7481      7681
      9781      1091      3191      3391      9491      9791      1103      9103      3203      9403



An emirp (prime spelled backward) is a nonpalindromic prime number whose reversal is also a prime.

Here are first 100 emirp prime integers

        31        71        13        73        17        37        97        79       701       311

       941       751       761       971       991       113       733       743       953       983

       107       907       337       937       347       157       167       967       709       739

       149       359       769       179       389       199      9001      1201      1301      3301

      1601      9601      1901      7901      3011      9011      1511      3511      1811      3911

      1021      3121      7121      3221      9221      1321      7321      9421      9521      9721

      3821      1031      1231      1831      9931      9041      9241      9341      3541      1741

      7841      9941      1151      3251      9551      3851      7951      1061      9161      7561

      9661      3271      3371      1471      3571      9871      1181      1381      7481      7681

      9781      1091      3191      3391      9491      9791      1103      9103      3203      9403



